# 数据来源
# http://vlado.fmf.uni-lj.si/pub/networks/data/soc/Samo/Stranke94.htm

# 数据介绍
# Slovene Parliamentary Parties 1994数据集源自1994年斯洛文尼亚议会政党之间的关系网络，
# 是一个加权无向符号网络。在这个网络中有10个节点和45条边，
# 其中正边（政党相似关系）有18条，占比40%，负边（政党不同关系）有27条，占比60%。

1 2 -215
1 3 114
1 4 -89
1 5 -77
1 6 94
1 7 -170
1 8 176
1 9 117
1 10 -210
2 3 -217
2 4 134
2 5 77
2 6 -150
2 7 57
2 8 -253
2 9 -230
2 10 49
3 4 -203
3 5 -80
3 6 138
3 7 -109
3 8 177
3 9 180
3 10 -174
4 5 157
4 6 -142
4 7 173
4 8 -241
4 9 -254
4 10 23
5 6 -188
5 7 170
5 8 -120
5 9 -160
5 10 -9
6 7 -97
6 8 140
6 9 116
6 10 -106
7 8 -184
7 9 -191
7 10 -6
8 9 235
8 10 -132
9 10 -164
