# 数据来源
# http://vlado.fmf.uni-lj.si/pub/networks/data/UciNet/UciData.htm#knokbur

# 数据介绍
# Read Highland Tribe数据集源自Read在1954年描述的新几内亚东部Gahuku-Gama部落系统，
# 在1983年被Hage和Harary应用为一个有关部落群关系的无权无向符号网络。
# 在这个网络中有16个节点和58条边，其中正边（联盟关系）有29条，占比50%，负边（对抗关系）有29条，占比50%。

1 2 1
1 15 1
1 16 1
1 3 -1
1 4 -1
1 5 -1
1 6 -1
1 12 -1
2 15 1
2 16 1
2 3 -1
2 5 -1
2 6 -1
2 9 -1
2 10 -1
3 4 1
3 6 1
3 7 1
3 8 1
4 8 1
5 7 1
5 9 1
5 14 1
5 15 -1
5 16 -1
6 7 1
6 8 1
6 11 1
6 12 1
6 9 -1
6 13 -1
6 16 -1
7 8 1
7 11 1
7 12 1
7 13 1
8 11 1
8 12 1
8 14 -1
9 10 1
9 13 1
9 11 -1
9 15 -1
10 13 1
10 11 -1
10 15 -1
11 12 1
11 13 -1
11 15 -1
11 16 -1
12 14 -1
12 15 -1
12 16 -1
13 14 1
13 15 -1
13 16 -1
14 16 -1
15 16 1













