# 数据来源
# http://vlado.fmf.uni-lj.si/pub/networks/data/UciNet/UciData.htm#knokbur

# 数据说明
# Sampson Monastery数据集源自于桑普森观察记录的一组僧侣之间的社会关系网络，
# 是一个加权有向符号网络，权重范围在-3和3之间。在这个网络中有18个节点和103条边，
# 其中正边（喜欢关系）有56条，占比54.37%，负边（不喜欢关系）有47条，占比45.63%。

1 3 3
1 12 1
1 14 2
2 1 3
2 7 1
2 12 2
3 1 3
3 13 2
3 17 1
3 18 2 
4 5 3 
4 6 1 
4 11 2
5 4 3 
5 9 1
5 11 2
6 4 3
6 5 1 
6 9 2
7 2 3 
7 12 1 
7 16 2
8 4 3 
8 6 2 
8 9 1
9 5 1
9 8 3
9 12 2
10 4 3 
10 5 1
10 9 1
10 13 2
11 5 2
11 8 3
11 14 1
12 1 3
12 2 2 
12 7 1
13 5 2
13 7 1
13 18 3
14 1 3
14 12 1
14 15 2
15 2 3
15 7 1
15 12 2
16 2 3
16 7 2
16 15 1
17 2 1
17 3 2
17 18 3
18 2 1
18 3 2
18 17 3
3 16 -3
3 17 -2
3 18 -1
4 10 -1
4 13 -2
4 16 -3
4 17 -2
5 9 -2
5 10 -3
5 11 -1
6 9 -1
6 10 -3
6 16 -2
7 10 -3
7 11 -1
7 16 -2
9 1 -1
9 10 -2
9 13 -3
10 5 -3
10 7 -2
10 15 -1
11 5 -3
11 7 -2
11 17 -1
12 5 -1
12 15 -3
12 16 -2
13 4 -2
13 5 -3
13 7 -1
14 5 -3
14 16 -1
14 17 -2
15 4 -2
15 8 -1
15 10 -3
16 4 -2
16 5 -3
16 10 -2
16 14 -1
17 4 -3
17 5 -1
17 7 -2
18 1 -2 
18 5 -1
18 7 -3