# 数据来源
# https://sites.google.com/site/ucinetsoftware/datasets/flyingteams

# 数据说明
# Flying teams数据集源自美国陆军空军飞行学校对48名学员飞行员进行了社交测试。
# 在测试中要求每个学员说出他想和谁一起飞行，以及他不想和谁一起飞行，
# 其中用权重1表示愿意作为飞行伙伴，权重-1表示不愿意作为飞行伙伴，得到一个无权无向符号网络。
# 这个数据集包括48个节点和353条边，正边（想一起飞行）有227条，占比64.31%，负边（不想一起飞行）有126条，占比35.69%。   

1      2      -1
1      3      -1
1      5       1
1      6       1
1      7       1
1      8      -1
1     24      -1
2      3      -1
2      5       1
2      6       1
2     10       1
2     21       1
2     24       1
3      4       1
3      5       1
3      6       1
3      9       1
3     14       1
5      9       1
6      2       1
6      3      -1
6      4       1
7      1       1
7      8      -1
7     27      -1
7     28      -1
8      9       1
8     10       1
8     13       1
8     16       1
8     21       1
8     28      -1
9      1       1
9      5       1
9     11       1
9     12       1
9     25       1
10      9       1
10     13       1
10     16       1
10     24       1
10     37       1
11     12       1
11     20      -1
11     39      -1
12      5       1
12      8       1
12      9       1
12     10      -1
12     11       1
12     13       1
12     31      -1
13      6      -1
13     10       1
13     12       1
13     16       1
13     21       1
13     28      -1
13     29       1
13     31      -1
14      9       1
14     15      -1
14     16       1
14     18       1
14     32       1
15      9       1
15     14       1
15     17       1
15     19       1
15     25       1
16     13       1
16     17       1
16     18       1
16     21       1
16     24       1
16     28      -1
17     16       1
17     18       1
17     19       1
17     20       1
17     22       1
17     25       1
18     14       1
18     17       1
18     19       1
18     22       1
18     24      -1
18     36      -1
18     40      -1
18     45      -1
19      2      -1
19      3      -1
19     14       1
19     17       1
19     18       1
19     20       1
19     25       1
19     36      -1
20      2      -1
20      5      -1
20     22       1
20     24      -1
20     26      -1
20     29       1
20     33      -1
20     37       1
20     38       1
20     41       1
21     13       1
21     16       1
21     20      -1
21     23       1
21     24       1
21     27      -1
21     28      -1
21     33      -1
21     34      -1
21     40      -1
21     42      -1
21     43       1
21     45      -1
22      1       1
22      2      -1
22      9       1
22     13       1
22     14       1
22     17       1
22     18       1
22     20       1
22     21       1
22     25       1
22     28      -1
22     29       1
22     30       1
23      2      -1
23      5      -1
23      8       1
23     13       1
23     16       1
23     21       1
23     31      -1
23     38      -1
23     43       1
24      2       1
24      3      -1
24      6       1
24      8       1
24     10       1
24     13       1
24     21       1
24     23       1
24     25       1
24     32      -1
24     33      -1
24     35      -1
24     43       1
24     45      -1
25      9       1
25     17       1
25     18       1
25     19       1
25     20       1
25     21       1
25     26       1
26      9      -1
26     14       1
26     19       1
26     20       1
26     21      -1
26     23      -1
26     24      -1
26     25       1
26     31      -1
27     14       1
27     18       1
27     20       1
27     22       1
27     26       1
27     29       1
28      6       1
28     29       1
28     34       1
28     46       1
29      2      -1
29     13       1
29     20      -1
29     26      -1
29     28      -1
29     30       1
29     31      -1
29     40      -1
29     41       1
29     42       1
29     43       1
30      2      -1
30     22       1
30     24      -1
30     28      -1
30     29       1
30     31       1
30     39      -1
30     41       1
30     45      -1
30     47       1
31     20       1
31     30       1
31     32       1
31     41       1
31     48       1
32      2      -1
32     14       1
32     28      -1
32     31      -1
32     33      -1
32     34       1
32     35       1
32     36       1
32     38       1
32     39      -1
32     48       1
33     35       1
34      2      -1
34      8      -1
34     24      -1
34     26      -1
34     32       1
34     33      -1
35     34       1
34     38       1
34     44       1
34     48       1
35     27      -1
35     32       1
35     33       1
35     34       1
35     37       1
35     47       1
36     13       1
36     27      -1
36     28      -1
36     32       1
36     33      -1
36     37       1
36     38       1
36     39       1
36     45       1
37     13       1
37     18       1
37     27      -1
37     33      -1
37     35       1
37     36       1
37     43       1
37     45      -1
38      8      -1
38     20       1
38     26      -1
38     31      -1
38     32       1
38     35       1
38     36      -1
38     40      -1
38     41       1
38     48       1
39      3      -1
39     13       1
39     16       1
39     27      -1
39     28      -1
39     31      -1
39     34      -1
39     42       1
39     43       1
39     45       1
40      6       1
40      9       1
40     27      -1
40     28      -1
40     38      -1
40     39       1
40     42      -1
40     43       1
41      8      -1
41     27      -1
41     28      -1
41     36      -1
41     38       1
41     39      -1
41     44       1
41     46       1
41     47       1
41     48       1
42      2      -1
42     13       1
42     17      -1
42     23      -1
42     24      -1
42     27      -1
42     29       1
42     39       1
42     43       1
42     45       1
43      1       1
43      7       1
43      9       1
43     10       1
43     11       1
43     12       1
43     13       1
43     21       1
43     24       1
43     27      -1
43     31      -1
43     36      -1
43     39       1
43     40       1
43     42      -1
43     44      -1
44      2      -1
44     28      -1
44     31      -1
44     34      -1
44     38       1
44     41       1
44     45      -1
44     46       1
44     47       1
44     48       1
45     39       1
45     40       1
45     42       1
45     43       1
46     28      -1
46     31      -1
46     38       1
46     41       1
46     44       1
46     45      -1
46     47       1
46     48       1
47     28      -1
47     45      -1
47     48       1
48      8      -1
48     14      -1
48     29      -1
48     31      -1
48     32       1
48     38       1
48     41       1
48     42       1
48     46       1
48     47       1

      

